USA=data.frame(matrix(c(2015,2013,2011,2009,2007,2005,2002,2001,2001,1999,1997,1995,1993,1991,1989,1987,1985,1983,
1981,1979,1977,1975,1973,1971,1969,1967,1965,1963,1961,1959,1957,1955,1953,1951,1949,1947,1945,1943,1941,1939,1937,
1935,1933,1931,1929,1927,1925,1923,1921,1919,1917,1915,1913,1911,1909,1907,1905,1903,1901,1899,1897,1895,1893,1891,
1889,1887,1885,1883,1881,1879,1877,1875,1873,1871,1869,1867,1865,1863,1861,1859,1857,1855,1853,1851,1849,1847,1845,
1843,1841,1839,1837,1835,1833,1831,1829,1827,1825,1823,1821,1819,1817,1815,1813,1811,1809,1807,1805,1803,1801,1799,
1797,1795,1793,1791,1789,0,0,0,1,0,1,1,0,1,0,0,0,1,0,0,0,0,0,0,1,1,0,0,0,0,1,1,1,1,0,0,0,1,1,1,0,1,1,1,1,1,1,1,0,1,1,
1,1,1,0,0,1,1,0,1,1,1,1,1,1,0,0,1,0,1,0,0,0,0,0,0,0,1,1,1,1,1,0,0,0,1,0,1,0,0,0,1,0,1,1,1,1,0,0,1,0,0,1,1,1,1,1,1,1,1,
1,1,1,1,1,1,0,0,0,0,2015.05205479452,2013.05205479452,2011.05205479452,2009.05205479452,2007.05205479452,2005.05205479452,
2002.89863013699,2001.46575342466,2001.05205479452,1999.05205479452,1997.05205479452,1995.05205479452,1993.05205479452,
1991.05205479452,1989.05205479452,1987.05205479452,1985.05205479452,1983.05205479452,1981.05205479452,1979.05205479452,
1977.05205479452,1975.05205479452,1973.05205479452,1971.05205479452,1969.05205479452,1967.05205479452,1965.05205479452,
1963.05205479452,1961.05205479452,1959.05205479452,1957.05205479452,1955.05205479452,1953.05205479452,1951.05205479452,
1949.05205479452,1947.05205479452,1945.05205479452,1943.05205479452,1941.05205479452,1939.05205479452,1937.05205479452,
1935.05205479452,1933.1698630137,1931.1698630137,1929.1698630137,1927.1698630137,1925.1698630137,1923.1698630137,
1921.1698630137,1919.1698630137,1917.1698630137,1915.1698630137,1913.1698630137,1911.1698630137,1909.1698630137,
1907.1698630137,1905.1698630137,1903.1698630137,1901.1698630137,1899.1698630137,1897.1698630137,1895.1698630137,
1893.1698630137,1891.1698630137,1889.1698630137,1887.1698630137,1885.1698630137,1883.1698630137,1881.1698630137,
1879.1698630137,1877.1698630137,1875.1698630137,1873.1698630137,1871.1698630137,1869.1698630137,1867.1698630137,
1865.1698630137,1863.1698630137,1861.1698630137,1859.1698630137,1857.1698630137,1855.1698630137,1853.1698630137,
1851.1698630137,1849.1698630137,1847.1698630137,1845.1698630137,1843.1698630137,1841.1698630137,1839.1698630137,
1837.1698630137,1835.1698630137,1833.1698630137,1831.1698630137,1829.1698630137,1827.1698630137,1825.1698630137,
1823.1698630137,1821.1698630137,1819.1698630137,1817.1698630137,1815.1698630137,1813.1698630137,1811.1698630137,
1809.1698630137,1807.1698630137,1805.1698630137,1803.1698630137,1801.1698630137,1799.1698630137,1797.1698630137,
1795.1698630137,1793.1698630137,1791.1698630137,1789.32602739726,2017.00547945205,2015.00547945205,2013.00547945205,
2011.00547945205,2009.00547945205,2007.00547945205,2005.00547945205,2003.00547945205,2001.46575342466,2001.00547945205,
1999.00547945205,1997.00547945205,1995.00547945205,1993.00547945205,1991.00547945205,1989.00547945205,1987.00547945205,
1985.00547945205,1983.00547945205,1981.00547945205,1979.00547945205,1977.00547945205,1975.00547945205,1973.00547945205,
1971.00547945205,1969.00547945205,1967.00547945205,1965.00547945205,1963.00547945205,1961.00547945205,1959.00547945205,
1957.00547945205,1955.00547945205,1953.00547945205,1951.00547945205,1949.00547945205,1947.00547945205,1945.00547945205,
1943.00547945205,1941.00547945205,1939.00547945205,1937.00547945205,1935.00547945205,1933.1698630137,1931.1698630137,
1929.1698630137,1927.1698630137,1925.1698630137,1923.1698630137,1921.1698630137,1919.1698630137,1917.1698630137,
1915.1698630137,1913.1698630137,1911.1698630137,1909.1698630137,1907.1698630137,1905.1698630137,1903.1698630137,
1901.1698630137,1899.1698630137,1897.1698630137,1895.1698630137,1893.1698630137,1891.1698630137,1889.1698630137,
1887.1698630137,1885.1698630137,1883.1698630137,1881.1698630137,1879.1698630137,1877.1698630137,1875.1698630137,
1873.1698630137,1871.1698630137,1869.1698630137,1867.1698630137,1865.1698630137,1863.1698630137,1861.1698630137,
1859.1698630137,1857.1698630137,1855.1698630137,1853.1698630137,1851.1698630137,1849.1698630137,1847.1698630137,
1845.1698630137,1843.1698630137,1841.1698630137,1839.1698630137,1837.1698630137,1835.1698630137,1833.1698630137,
1831.1698630137,1829.1698630137,1827.1698630137,1825.1698630137,1823.1698630137,1821.1698630137,1819.1698630137,
1817.1698630137,1815.1698630137,1813.1698630137,1811.1698630137,1809.1698630137,1807.1698630137,1805.1698630137,
1803.1698630137,1801.1698630137,1799.1698630137,1797.1698630137,1795.1698630137,1793.1698630137,1791.1698630137),ncol=4))
colnames(USA)=c("Year","United","BeginDate","EndDate")
